[architecture] 
frozen_lr=0.000006751
trained_lr=0.08827
num_blocks=3
freeze=2
gamma=0.9598


